cirno_break.wav
0 587 347 50
1
2 717 506 50
3 208 234 50
4 535 207 50
5 456 389 50
6 750 135 50
7 403 320 50
8 262 118 50 778 190 50
9 479 397 50 707 84 50
10 227 424 50 420 359 50
11
12
13
14
15
16
17
18
19
20
21
22
23
24
25
26
27
28
29
30
31
32
33
34
35
36
37
38
39
40
41
42
43
44
45
46
47
48
49
50
51
52
53
54
55
56
57
58
59
60
61
62
63
64
65
66
67
68
69
70
71
72
73
74
75
76
77
78
79
80
81
82
83
84
85
86
87
88
89
90
91
92
93
94
95
96
97
98
99
100
101
102
103
104
105
106
107
108
109
110
111
112
113
114
115
116
117
118
119
120
